world: worlds/main/main
x: -38.116776629688815
y: 75.75
z: 352.6066501646564
yaw: -243.74992
pitch: 68.54993
name: dwarf-fortress
