world: worlds/main/main
x: -257.8286042481273
y: 70.0
z: 179.01279485629965
yaw: 267.87305
pitch: 62.84996
name: mob-fortress
